66
26.310116028504915
63.6044213089492
6109.980783003583
45.45282037608291
4.963072392888934
7069.045389678005
11.271987559844277
3.6038878077816694
4963.018257200643
47.34498089646571
72.94959560835264
3564.126299246284
77.52825587111177
68.23676244875816
2358.3746270236384
91.22099333662719
11.912208043159843
6230.944423811295
54.24665234483883
79.19553221802308
9381.701533499245
3.1995448906373514
65.62037778621824
7346.669560835707
39.7861445765749
57.787322873497814
8319.037203519321
82.37207694855341
82.37997662265589
3772.1559146939353
11.810859460435752
35.4927190781846
1999.8195548565168
28.993642050305944
95.87297324291045
4800.619167003146
64.36710795105836
13.541882686571649
6084.506003918361
50.28682112818236
27.274509288088666
6068.209341158892
66.86040798342367
9.16466607257016
2583.8366236034462
83.47602773948174
74.90514440142358
8353.567259972937
41.58263703933556
80.18776792296057
4609.000838068264
79.86684474936739
0.5324734249001595
4304.950230653947
51.590579831752784
87.15608494276236
2893.3090632321323
38.22609132586785
44.327135578032305
6130.096953334071
22.71359087542576
90.63195075896657
1992.6393022715372
98.89046548823572
59.950332253161896
134.32956791232354
35.49780900526914
85.61230337943087
8409.096557715025
40.70014501575178
89.60334932943599
5241.354484416404
83.66265315653528
90.95569160238493
185.53825680053703
93.76119738275631
37.30024854955
318.1241329329987
53.94353223841355
9.430463645908082
6849.446577405539
69.30802343901628
58.19603260105123
2054.2291432299353
97.75367448058672
63.51848726640843
7462.068948726575
58.377716149712896
96.15703784830164
5629.193910097968
68.23560655265517
93.79927644555488
9004.04311508285
18.142607624057682
20.19920877154511
7448.036813721996
37.17461174674912
72.51215719547332
1664.4850113581688
31.61772514949658
22.325928208277578
6875.615169178956
65.8345596236415
20.197579585564352
2994.8378912916596
23.19761070331442
73.59600379839799
4671.261877427516
17.151634529016334
43.37085840435222
6126.445478191881
87.80606702338308
79.29355682925036
7814.879480822102
55.90527729049547
4.816563690433218
303.04492884692394
90.2745922275356
19.092500983590842
6507.567869153352
49.76361561072768
8.493921437084351
4932.219637018857
94.2949252949252
88.58647133855807
4900.648612948713
0.1119896916980112
80.15155497160495
7511.6326564025385
24.80125623353323
27.769623433949565
4695.361889069921
86.40946439232886
33.574264274246204
6750.605739131109
90.9125289345086
31.10595096226323
7710.107046644482
22.913429133555454
45.80060795261487
9929.798267498769
80.89138023506885
52.7931793166018
5455.3150857396895
81.27136185148085
50.68891148879572
5971.298538066962
81.02457046950741
21.023842878098897
3648.6352453776262
13.82453550803996
48.09106799594591
8398.06436682229
33.511898781711366
28.89839240076083
5502.532231009005
25.504359666766153
58.67279509285832
9529.88951247007
50.72664519410053
6.93357878669143
9960.377879291877
19.650827631721757
49.22845229849615
4559.716956715176
25.40801101929856
90.67004392545839
8293.407463346102
74.85213372602647
15.08510594571657
8589.284173335302
44.50006004014232
99.38362899470849
4910.94519373416
9.971528915250683
83.19446275847547
5538.103767838383
90.03904028584306
0.8871193197414695
548.8296488473054
25.817282001201537
40.50851369063927
8798.226569360928
49.23061042086347
96.7174044452456
8143.161138521644
96.29727493315374
51.435212471962075
4927.321580326099
66.18050410230092
83.09681034645568
8749.013263698158
12.173906741456463
72.02211472703426
3325.600844262808
68.95803760924832
23.320839975472076
3112.9552890636046